640344
618344
19404
278
537061
238
424
372058
240
496243
42269
129
497
680
637
311
122
13
155
664767
769
429
389
539
11216
550
346
510
598
40096
620683
324857
12477
244786
914
4935
599
73
901
1891
18148
128
975
432517
567
637920
11659
26451
3782
423
522924
207
18491
120
265177
14537
313106
27205
25237
807
452522
12493
101
3082
10376
508965
121
531428
797
290098
274
20914
1398
422
335
157336
37257
24188
299534
490132
504253
378064
398818
24382
105
28
299536
638507
470044
895
284
8587
5156
77338
1585
670
490
10098
426
992
110420
28422
517814
705
455661
185
437068
629
354912
527641
406997
694
11
475557
77
9764
439
103
446159
996
19
38288
11878
1396
239
833
1124
411088
399106
339877
16869
872
548
10494
606856
538362
515001
935
500
614
19542
98
282848
158445
579245
1422
50014
100
359940
11324
111
334543
14696
289
449176
857
149871
28978
832
2517
147
429210
603
92060
655
11645
1059
780
600
324786
7345
489
42229
12445
8392
19426
11712
378108
264644
843
160885
654
666
348
46738
92321
38
68718
582
961
1955
10242
387
110416
406
237791
12761
11423
37165
307
9277
310569
12104
103663
11104
62
205596
7347
3090
15
8422
140420
28971
18438
204
360814
120467
15244
110
1394
10997
15383
11778
14
821
595
641
1092
20271
424694
25538
10404
938
962
521
38286
29264
1580
381284
3175
279
146233
3083
28178
10681
522212
29845
3777
41050
32085
9702
524
7508
498249
491480
1892
662
24167
106646
10238
17295
213
315465
1091
280
430424
5925
405
775
13223
7857
334533
3112
393729
627
60243
673
11656
1578
21334
530915
10515
1675
564427
505192
316029
24
4348
142061
83564
76203
25376
947
293299
31442
11010
152532
631
32480
16
414419
223
5924
70
400928
26022
379170
1626
20453
369557
829
150540
862
5511
78
423612
20722
3034
76
113833
5544
234
2011
804
301
33
381341
25364
770
198
508439
149
185789
640
266856
8290
11953
93
336804
118340
745
586863
398924
14160
827
197
359156
194
331482
10774
20334
9323
11293
10674
22596
359724
20126
7984
6977
348892
1402
396
505262
851
752
81
31011
115
33320
391
337960
210577
25606
329
3078
499
85
3870
435129
15251
144
235
11602
303
399174
21634
313369
152601
934
522518
488623
122906
11036
679
596
1908
492188
593
242828
37797
696
169813
671
451945
275
234200
49687
152742
393
13042
949
113
16804
826
506574
27670
453
10227
24238
5961
887
12093
71157
5915
1018
24480
597
14574
546554
13398
314365
925
581
6075
703
265195
8327
33602
10386
762
393559
702
990
513434
1628
613
336
141
335578
203217
29458
9479
466282
777
21135
968
143
13855
13929
9421
12
25253
24657
16859
382591
263115
1280
10775
2108
1646
632
575452
47931
371645
12491
873
336808
14069
200727
1480
805
553
108
963
2440
903
3114
269
137182
238628
404
585
142
674
89
297222
107
86837
11787
320007
11005
776
665
583
30018
10193
845
136
59440
11854
891
587
265169
110160
2118
585244
296096
10835
261
80
11220
49797
8416
4977
18329
52345
11621
12444
177572
149870
11898
117
22843
568160
2433
25188
10191
1075
164
982
11902
981
380
24653
10633
309
9800
269149
16305
4480
10020
431693
525
12405
262
84892
322
49026
42801
14580
11421
522627
4808
123025
1633
426426
1040
45269
10757
16391
995
166428
374473
12516
247
14811
273248
576
19026
11482
1417
4497
1700
1366
126319
11686
277216
11658
11697
8832
396535
1093
544510
40619
820
792
343
22
10322
653
334
165
672
398978
205
1600
419478
14784
12548
678
16306
317442
96721
28580
8073
993
40662
13187
10315
5910
562
220
433471
13363
83666
37247
2062
793
68
227932
288
13386
9475
910
484468
428493
9806
3767
221731
12429
5528
1879
6844
1607
1592
976
313297
14756
284427
82702
8342
158
9023
162
18079
11299
2786
111083
10331
11356
11113
767
100402
15121
286217
323272
11046
1654
24428
531
272
99
242582
1567
364137
347201
4909
4593
675
180299
38251
1939
15794
10229
9343
484751
221
54186
41411
1587
207703
11657
283995
17483
4995
11190
3009
551332
306819
50531
22683
13413
2493
489999
183011
900
9552
9081
15137
3133
1632
11040
773
11327
746
64
483184
21575
9377
4254
49992
17057
468284
10161
8358
3529
595975
21734
244
200481
824
9444
74879
43904
5143
11610
2013
55
4960
4291
565310
342470
14836
4347
871
812
642
11562
17431
11167
2000
578
11321
643
16619
2009
375572
177945
26280
51608
11031
9040
10778
9394
11016
5165
4024
514754
503919
333339
222935
16642
592
489418
269258
14813
37719
337703
638
309809
10637
1913
451480
808
4481
446893
11782
167581
1726
308369
5708
51739
9289
271706
9693
433
301528
44214
246741
648
11474
877
283587
404378
61979
14282
244267
3558
586940
137113
71859
688
31417
14736
7500
293660
100271
1786
940
18333
1904
574
71
264660
57158
37769
63
211954
176241
109424
12498
765
315846
966
451657
6620
36685
2649
1933
339
487558
375262
27327
503314
38757
413594
375794
11906
7735
3001
1051
277834
8094
4982
454626
907
457601
985
475
439584
284053
3116
967
64690
12169
3580
256040
440298
83389
72478
630
218
212
429617
63311
1712
625
13466
379
419430
15472
319
627725
7452
529216
9340
863
545609
499631
22881
13060
649
455714
377273
983
11159
10747
8440
175
626
284293
11171
747
9912
137
491418
13002
10907
389015
212167
200085
782
16958
11344
984
79
9549
1023
338
260513
1902
948
382614
198375
75629
28874
37181
14257
13930
12102
489930
127585
15097
10683
10549
9366
85350
571
414425
1541
186
11798
4638
37903
4553
11030
1954
109
1554
819
435577
11969
4951
4922
229
383498
4550
363
303483
59436
27632
14092
13446
923
527
346648
11178
10734
10784
783
434616
407445
348678
10435
921
432616
364433
334541
11481
11349
1372
406385
251516
10787
10110
431937
332562
16234
874
329865
565179
451915
292011
11688
3035
1052
10950
11471
5967
522
244063
21450
15371
14645
3109
69
244088
8740
601
11829
4174
211387
13310
779
228205
138843
38396
14919
8333
22584
11202
616
11901
387426
1847
440596
11704
6404
1360
532
290
12163
226
11362
132344
8321
1883
76341
11970
9495
9385
1245
519010
265180
250219
16858
6916
376290
19101
902
786
10843
9428
281957
273895
1407
1579
470878
9504
1949
416144
127533
74308
330459
194662
13384
10911
690
7214
9665
252
380225
1523
18
26963
2056
11206
227306
9571
4203
3063
203833
10849
1251
228150
179144
575
219
1678
828
13689
11549
36557
19067
466272
129670
11544
650
5723
16372
3085
11545
11615
856
9008
340666
13635
339403
258480
12837
9016
704
154
137106
10377
9516
763
433498
416477
118406
260
437586
2292
1677
1542
530
43949
4689
713
192
374720
33273
9462
19995
335984
14433
552178
319373
13321
74643
4133
24226
190859
8741
26638
298582
274109
13475
4543
1594
568
463257
157354
101299
388
145
53565
16646
433247
381289
39107
31682
15384
9559
228326
16052
289222
7913
205220
639
620
417261
40794
7549
394117
33997
15764
13377
17529
15362
193756
9509
3766
140
11368
10400
6003
38234
8356
802
597219
11426
9075
618355
9652
881
491584
302528
36940
20246
2898
206487
2134
2034
839
345
11881
11816
11589
7863
6644
2501
1116
2757
16320
4476
500664
456929
356296
293863
284689
1653
286192
76758
3110
621
481432
165213
687
431580
11416
1391
106
10794
3933
187
376867
239571
8055
239877
11661
2798
153
395834
9662
1813
196
94329
6114
457
37775
10654
3089
427
19100
2291
64682
19666
1669
381
290762
140823
1429
271674
271110
12776
429174
10086
315635
15999
140607
34647
8810
1368
492
16085
9461
57361
5503
756
403450
284054
161
459
242
11943
33701
22538
10437
132363
176
504608
75656
2899
2640
4584
307081
121986
79120
49020
15165
10234
840
407449
64956
37472
37135
21484
284052
34653
13932
9056
249164
39324
2503
488
377263
342737
290542
152780
88273
82695
2639
12140
483980
312221
453278
121642
853
658
16633
9361
259316
7862
304357
17654
489925
327331
2252
318121
116
2666
801
11644
339380
23550
4147
417320
850
246
114
487670
590
87827
266
353081
179150
54138
9267
5506
1716
1359
7249
152603
21191
399404
17809
15152
10139
1088
760
420814
407448
38142
45317
25623
11663
6037
88
245913
41201
462
121875
73624
2759
13382
10669
1923
606954
11499
10144
10024
8681
7979
46838
10795
332270
250538
10518
1791
507569
8424
892
498248
30197
14534
9539
764
515916
318781
12207
177
447332
329819
70670
11713
184
25866
197082
13008
1544
340
392982
306745
146
11450
4771
134
11963
11101
273481
76543
470
65754
39323
26617
13041
104
10474
2841
506
37094
10440
859
794
375315
245168
111969
9299
922
112198
76589
51241
10617
519035
4816
13368
9589
114150
44716
30497
22803
1895
1254
628
479226
259761
23637
686
318846
80278
514439
9918
2756
11072
814
209274
99861
65218
10149
6619
3176
855
205587
8374
866
481848
77016
16520
242643
13933
11978
350
436343
220289
20312
11673
837
228203
191714
63310
15196
13151
12481
520736
21348
18947
82690
1640
119450
90369
9550
5590
830
180
486947
403431
228194
63831
381288
81188
420809
606952
176983
446696
10860
338766
766
56831
771
3131
403
10360
9470
400617
16563
10772
425
391713
217993
58857
9609
9426
594
167073
1725
45958
16307
4011
122917
15080
338189
10112
4415
13183
12762
1433
21641
9474
2502
11051
10975
509364
420622
65229
17814
11772
11528
168259
129112
109445
53457
377
37799
18785
401104
469
436
14202
11951
11886
24804
11296
6145
5123
458156
293670
169881
10925
458
408647
11457
6396
245891
49538
10312
297762
12162
11020
9325
44264
11868
15359
1491
227
517331
49051
10644
11236
813
87
5825
695
615
34433
8337
355338
45612
1598
68734
9587
474354
374461
61791
11850
323677
33511
2977
57212
51828
167
287495
587301
25793
21032
2609
58
399055
1850
623
25846
15370
11462
50646
10994
1645
1548
759
1830
1278
199
19908
606
243
4688
2654
506528
48254
13597
10693
844
12289
398173
345920
198277
19913
2771
449749
20345
12105
14375
2028
296098
10647
1878
67884
5236
399121
345938
339984
330457
406990
9603
271714
11230
205601
9078
30061
1427
51497
4518
11382
1262
69735
38700
1440
476
369523
6978
551
346364
35690
11660
9833
2657
988
20352
4232
861
501633
11044
9388
411728
291984
979
570131
97365
8844
5488
340027
11837
324849
110398
15283
9013
4441
364051
259693
19186
11328
4538
19597
9576
59468
30890
8088
1265
113082
10403
5548
254201
38810
9464
68722
22954
15067
7340
2998
1714
509
250480
156022
120605
62215
11524
417678
317557
18320
761
37136
25205
10648
451
381356
14047
170
350312
14748
14447
504
424488
10009
294016
60308
11485
2355
2323
537996
336050
11646
475215
130739
1730
232
10722
941
342473
112949
12614
11446
86829
12143
10673
9322
10150
2270
1213
994
421
138
2117
404368
13928
319888
72113
401
11897
393624
45094
8923
353326
93289
14859
6537
5902
48034
14359
10501
196024
46829
2567
1574
458423
69315
34584
11634
11177
635
42297
2277
259954
4176
258230
49047
285
203
495764
17887
340613
334517
172106
10528
1538
168
254172
14306
5693
528888
371638
213121
11639
8438
297
549053
2832
445
395991
364689
16608
788
420818
23168
268
454983
9473
308639
38684
25300
651070
505600
11050
10559
7350
916
376660
9540
504949
429200
409
560044
13012
11929
59
51876
10217
8393
2769
177677
19833
12092
366564
11687
44826
14299
1555
978
14412
474395
15588
11153
1572
323661
6479
1694
1623
534259
279229
13925
12473
10102
8470
473
412202
1367
10653
10601
1621
90
396371
317560
300671
22302
12877
11287
10867
157370
8963
711
212778
82881
2055
251
468198
452187
80184
147773
40807
14438
291270
74306
37724
4032
473033
324552
157832
11934
11093
13001
6023
612
329805
418680
72570
70160
10141
5176
1807
257211
68730
64720
624
573
206563
501907
365045
11576
267
483
293
9454
6615
1164
270400
239563
37767
15601
8879
1271
13004
557
476299
249688
198663
12545
8293
399366
248933
197950
1997
338762
209276
9741
360365
14292
11533
10948
11447
1443
10634
493922
103747
50348
472451
363676
91417
73456
11176
8329
651
79707
13885
382399
9696
607
10712
570670
152584
22527
19265
1259
328387
116745
13156
11165
9829
58574
10531
838
508
324560
9846
556678
10986
9502
241
5919
103328
10223
429191
236735
4104
3291
657
203801
39108
22536
2671
336000
62204
188538
16136
501170
465914
9837
7972
4552
883
440472
609
413518
321741
302401
23483
659
28384
12159
507076
3053
233063
11509
9787
5698
2668
1643
524348
370755
369972
102899
4588
619264
96714
38397
12230
2024
1024
390497
82693
13320
430447
49948
13666
10497
102651
10340
8469
8053
5916
1103
281338
127517
39486
15060
11337
10625
10142
556803
429197
13785
487242
127373
116149
530385
11971
420817
290250
103332
10536
2054
860
546
374475
333352
11815
6471
4727
365942
11797
283552
82684
1089
411
55931
31906
10830
408220
21588
8363
4643
408
527435
9769
9675
22826
11336
8619
1985
927
468
378
310307
1073
535544
455207
436931
428449
393519
19123
1900
11893
8051
1924
620725
512895
394741
330483
56020
11257
2280
241771
599845
10083
23169
9905
652
8764
8072
1485
336843
156700
9281
450489
25508
11561
401898
338967
325690
256962
348089
10545
127380
33613
22494
9434
36950
10436
23566
17443
10895
4512
101731
15400
398
8092
4012
226448
82633
13550
9994
109410
50472
14139
2742
558
526
173
13989
9303
926
458737
332283
1553
458253
37495
17917
17187
12889
11527
7304
327
103731
73532
15487
11393
912
281
348668
4192
847
457799
395993
44115
9802
4836
332872
13378
8408
504603
43539
10564
366924
37653
11831
43959
12144
6418
809
438740
10514
2007
465136
43923
10876
2100
6968
931
321528
45162
12149
11075
10868
228970
85739
53487
18533
11973
1715
397538
14637
7485
379291
351339
9542
4946
2383
65
160588
13283
9316
300
44874
322125
11219
3472
3293
62211
236
354859
308084
24253
10198
7270
70667
9427
2604
646
523777
402897
15255
10753
9820
9606
446354
335797
644
399579
265228
64685
9441
1165
592834
458723
19204
1885
314402
84199
16198
8697
484482
250734
68924
9746
1637
1090
252822
56292
7326
2750
1581
522162
10537
5279
1584
425703
423646
10236
9701
381283
287947
254320
17111
12335
9631
8095
432087
36658
19494
16620
9430
396263
11367
10220
454652
77877
24469
4464
755
7299
1770
22373
11454
437033
323027
1958
384677
14506
2469
297270
8841
337556
778
87093
76025
41428
77495
12268
10707
2623
388399
67913
11916
11360
3170
10130
1630
118
11224
419639
320006
302946
17612
12914
11826
11000
487672
58522
28053
11636
203819
9929
936
11975
1808
1272
343668
36657
2907
397837
363088
11616
18240
12560
426613
341744
299537
181808
166666
1381
864
11689
180863
65215
25196
62177
1857
647
586
658760
347031
297725
9003
447404
334304
537056
246355
75258
527729
298382
10122
1374
33914
20766
13416
174
369883
35
204436
342672
13198
542830
449992
2295
472734
74534
13253
30508
24684
77887
16553
109689
13920
399057
253980
15849
567609
175774
13809
8833
14533
321612
2061
10530
924
285783
277217
171337
10590
37950
34134
12089
11329
26428
9443
405774
333371
60670
15723
204668
55787
49009
36955
9533
7980
1934
84329
304410
16153
13342
10974
46705
11386
9386
8009
440161
11004
9732
491472
9036
533
8882
2164
308032
157350
113947
97630
9487
9026
1832
604
377799
210479
97367
43347
242090
84175
76492
10218
2322
942
754
547
392
37056
15775
14924
308
252171
93456
9392
9090
398175
68721
8974
8366
7291
423899
6399
85889
38366
11631
1547
569547
15805
13459
9684
11820
9953
320
582873
12783
514921
491283
426338
186161
56804
9952
1535
513045
171372
31997
7445
1255
300669
85446
51162
1771
361292
192136
15856
475132
24420
332794
79108
55347
13939
12225
567604
339987
337339
251519
12101
9692
8195
127560
17845
408508
263109
2289
744
528949
310593
44835
258216
4148
2109
954
454640
256835
15906
9314
402900
11033
10882
512200
424781
11843
10865
9563
339692
221902
8052
51999
29702
10560
565426
16093
67660
31175
9667
468224
377154
181886
152737
84332
55725
11170
16938
249
62837
49530
16007
15789
9390
184352
8390
187017
9798
563
11652
10649
1412
49018
10780
676
427348
12919
3432
1833
48769
274870
51209
8982
9762
79113
879
369778
131634
14337
419743
8881
2253
445571
110390
283704
20770
854
445651
13435
2196
2048
338952
18937
15016
432068
61667
11690
5854
11904
130150
11006
77174
39013
15143
11935
3509
262551
11708
10973
9647
10711
10423
3573
407655
276907
254470
228108
9591
431
454227
369192
351145
22855
559969
297802
15058
13931
10776
10297
504562
226857
8068
209451
64688
11571
8193
1573
412117
278927
3683
1946
401246
365222
9270
465003
37768
435707
323372
140870
11848
574436
554241
374416
11071
10228
338768
38408
525661
291805
168672
10439
417670
72976
39254
340684
35558
2266
480530
390669
308266
303857
16281
10276
332979
21208
13537
10133
9451
22164
470229
22051
2462
27850
13667
11873
254375
22971
11162
39105
26466
446021
272878
56590
9469
6878
2755
401847
283235
11770
1817
953
29161
9799
561
8736
957
71864
49519
13813
11879
459992
400579
25941
12281
9960
474350
419709
170522
145247
17360
14411
710
12153
1267
300666
256591
15015
9007
188166
110415
44629
38055
265189
62214
10846
448119
59967
83542
2288
353571
10785
2652
9880
2787
364
15144
238713
42188
8848
513347
390734
10138
2044
82507
17979
11439
337170
272693
30675
12763
12187
2293
2161
315011
49444
2255
602
449924
276843
9663
8852
8367
7874
421447
2016
13685
10779
16995
582883
416186
384680
318917
17578
5876
249397
65057
11448
244506
19933
9359
8348
1991
41233
13312
384018
225574
11974
400155
297556
37735
9344
326359
11092
10362
2064
448776
294963
253331
9476
9282
417870
262391
25195
261102
256917
157841
98548
14367
11774
9411
1648
4912
2259
2039
287
393764
185567
9778
4271
564
429300
11054
9942
9749
2300
508791
252178
131631
19255
10212
9538
82992
7305
417812
86838
50839
11381
250235
244539
37777
393457
5038
8326
1721
1371
401200
321697
228161
468202
254578
48175
12573
12244
11302
9503
347026
253412
454
198185
192141
12246
11319
7551
514847
72432
22947
1824
445793
11156
2112
8489
920
178682
10323
2614
1903
243683
467956
190880
37137
16395
10998
9900
340101
416194
13510
437109
400535
91745
10837
9766
4929
138832
11864
12924
11455
68726
38285
348765
278427
14370
10692
463858
353486
10156
913
402
443463
11022
1125
523773
231176
11013
472674
390043
13672
11780
150689
12079
254
30163
27585
16140
9283
418879
11836
8699
2669
260514
14410
11227
1495
46332
10195
2758
1826
508763
296524
402298
376570
113160
107985
72190
2005
244772
82424
11087
7229
539892
159824
103269
28089
55420
10758
4566
245698
9433
394684
37233
9789
198184
175112
57243
49049
712
369885
56812
2616
2362
691
95
535292
474331
154400
48492
1696
9263
8880
6973
13258
12151
9819
277
29963
858
158011
105864
53957
48415
10015
9387
379149
232672
188927
65760
10027
9654
140300
1246
11076
532938
375183
13531
12205
10388
12233
10226
1552
846
455980
87502
14553
443009
28942
4437
1947
19185
483104
339419
315664
20504
340485
207933
76726
18129
11086
74465
37686
14011
504172
23202
9781
1365
634
51052
11253
105077
43645
276844
119675
13062
11185
276908
44249
14181
515195
57112
1871
517839
246860
245473
39939
22798
9481
87825
3902
445629
347866
18415
2142
446894
11371
14746
11522
11507
9602
9362
1858
581600
310131
96724
10687
360638
35554
313922
107846
11967
464502
239566
75900
392044
283366
11977
11542
11340
9737
4517
52274
9326
257
469274
9062
4978
256924
245775
236737
177699
62630
17332
10675
11183
4523
1494
278236
8769
8265
7859
9659
2163
1875
212716
39103
17689
11184
177494
7453
399170
14635
8292
8976
4587
521777
209263
11520
4547
493551
339405
303991
43629
29917
13509
9031
24752
298
38199
11134
435126
10115
2001
10316
5994
591
575100
511322
227973
21755
13179
9058
17379
328425
36819
15167
10264
9871
1439
41402
768
448095
126963
50837
13820
11880
529862
11592
11497
9367
9318
8649
500682
335983
19548
11259
10873
9839
1701
10347
606117
38050
9707
1921
310135
8696
2179
795
41216
33542
400136
87492
3989
11208
97
13971
11364
11009
310
82703
438799
248774
39514
8967
5595
11515
9319
484641
294254
204082
7457
555850
245
321751
160139
10010
8536
83686
2140
250124
200505
25475
11838
337674
129533
71689
26171
428495
280217
44896
956
376166
13851
12651
8456
492452
49517
17609
9374
8669
46146
9558
5255
3525
353070
316152
245916
46420
24803
11601
9357
9726
787
496
9740
458534
205775
10803
8355
332340
10652
450322
796
660
223485
92591
10166
170687
50544
8271
9689
1364
457136
381719
241842
10952
1870
17445
13682
12150
4108
529485
12599
1635
1597
45610
41663
8065
284303
13448
6415
1948
411638
136799
36647
9336
8872
84355
499701
943
136403
25676
9044
505948
11322
11003
9087
568091
13291
7443
3635
150
171540
76338
39104
3784
135397
352161
91586
75802
20539
13676
11937
238636
12227
1487
605
241239
10464
10045
9919
4349
513576
157386
10731
341012
171274
68727
11135
8328
34942
11655
2925
10215
35052
10493
6312
10586
9869
2023
449443
239678
44945
6072
433310
253306
86825
9567
4169
41211
10909
5780
2924
2148
636
484247
469056
152747
2976
500475
10510
511785
12637
10189
950
420426
329996
37933
22244
11624
8871
8827
790
396810
315872
70954
10650
9950
9655
10155
9560
227700
15157
1992
66
13285
7219
440021
12113
10072
20760
10995
8005
1887
424783
300693
3021
450465
120475
21629
3595
11412
5175
2882
1389
48138
46195
10158
2788
231576
452
166
157
15762
15171
6575
467632
283350
87499
77459
309245
9489
10719
10412
334524
119569
31007
14029
13090
12160
10222
9909
232679
166426
64328
13804
13155
9517
577
348350
206408
12184
10096
3179
2675
330764
49367
10201
7985
332210
325789
20178
4944
433252
339408
162215
435921
407436
121826
2330
398181
78698
12155
772
309299
27936
26388
6522
45132
13691
11064
565
179826
157847
48289
44251
15854
39781
13640
9059
369230
13195
10934
6081
5139
1624
60309
667
474335
512
9687
6964
336882
334522
11283
9410
487476
339964
83899
80274
50456
8066
15356
12165
10957
68817
11543
9346
8874
8270
302429
10999
10890
10741
9331
4958
1788
311291
241855
8913
8834
1498
619
480001
136795
2897
325189
177888
300155
6961
2454
7191
44683
39371
9595
6538
5718
146015
11635
11887
8467
75612
9613
544
426284
61404
13648
668
10060
7446
991
345009
22586
11068
5955
458897
438674
11130
566454
2605
467936
398929
74513
44129
11559
163
25
62835
10176
397243
51540
406994
9739
1930
164457
12690
241848
11430
410117
156711
9297
5951
583268
9093
1586
227719
9638
611207
2779
884
329712
201085
9614
8338
8012
218425
22794
14510
8461
2059
401981
270303
53319
11566
6435
471474
21861
10389
639798
529962
363992
351044
9588
9313
172803
6972
1576
458594
425591
396422
136400
19458
1571
523172
267192
181812
55721
10354
429417
38363
11548
10656
578189
75174
10569
944
400650
369781
109421
22970
10947
11400
1562
492282
360920
12133
11313
475303
241259
38542
513574
49521
41602
526050
471506
10591
486131
13465
10874
80321
1990
353616
227156
8840
816
555974
10484
10147
9532
2360
411999
301365
9816
1593
215
503125
413644
39538
16538
10806
351286
11091
1894
270343
73567
57214
11427
10288
8961
8288
444539
334878
11282
10664
4105
537915
225728
28609
11027
10607
145197
50546
274857
21316
12720
7555
159121
10961
9843
274479
146216
9445
515248
9352
243684
10502
10328
474051
36834
13768
10279
9913
9716
699
6950
454619
411741
401545
246655
13649
3049
1957
376659
245700
133121
112336
60175
9972
7516
287689
282984
345887
199575
1710
264656
42892
13250
11899
123
402529
192577
425134
257785
244509
76122
5125
10126
408033
83201
1369
449755
10585
834
253
375012
348893
329263
293970
47760
39513
286554
15613
14052
193
7450
1911
157849
10503
5683
4413
229297
13967
37725
9964
9763
84184
68812
9414
271724
9779
4729
525041
36593
11835
11654
1266
152795
8204
300667
154441
14055
11884
9086
9255
335051
280996
623195
306947
290859
44865
252838
37645
75780
692
80389
12689
2617
309302
9100
2046
273271
175291
1945
392142
43549
10414
206647
20857
2105
11281
10210
1909
419835
401469
10295
339397
274862
20943
13665
10782
5336
16962
9870
8488
865
171
242224
74387
9342
6687
1893
19898
1865
290512
166076
15739
9944
9599
376866
290864
39101
33365
13688
8868
382322
68724
22972
21385
11120
88005
11023
8835
396461
11980
11814
10540
204922
360784
13193
8413
330
231
339259
25059
15373
7211
542224
431072
303858
300673
10539
10660
11622
11596
588
19124
8909
23963
531438
253450
26285
6069
1493
15449
10184
5879
478820
424139
18126
269650
116979
44048
8643
152
7873
1965
1551
34769
11676
9535
10390
2789
1281
242042
14249
8952
1931
396398
72197
57825
15301
10052
9529
26736
682
295964
44147
9272
2978
302
64678
21474
10249
3594
117251
73723
41154
526019
157360
16617
6440
77561
9664
12117
10760
1406
63492
48395
8987
622
375366
17707
7518
116711
4520
681
61891
60420
44269
18198
268238
12106
9522
95610
10894
1989
390062
298729
11584
435
446791
58232
137093
16523
2655
2110
458344
261023
14136
11298
118293
15567
10800
9768
9291
397
11047
81250
70981
51991
9556
6691
172385
71688
59961
462919
333385
16366
10866
10074
2251
374617
115290
84306
59678
10851
12797
10398
10393
544431
72784
27429
12308
11808
4564
708
8665
1907
1619
270946
45243
540901
331583
294795
417384
331836
57737
13249
10567
522681
9872
443791
433422
396493
293167
109428
13927
11247
301804
295693
109451
96
36586
10651
10135
241554
236399
9777
2133
535
200
74
689723
12437
11551
8197
7442
1729
59859
44706
27586
320028
121674
65291
36668
10847
9490
455656
399402
9437
236751
39385
21407
11913
10684
3981
356298
15596
592336
102382
518452
343674
81025
22897
14462
11846
4141
2069
429189
81342
54318
10527
266082
77949
10466
9032
309304
250574
10056
652483
460668
290751
15139
13150
12182
6947
445040
324852
8491
8346
1687
454992
396940
16899
14254
13053
214
507143
34588
9035
3537
2207
449985
403605
328589
94562
26390
13483
11503
10897
9317
505954
346685
33689
2577
457335
269148
157547
142320
43947
20526
14197
38843
15070
2171
429733
82654
599975
284276
81440
13122
38575
9772
2123
50780
20048
18405
14001
13655
1247
395992
16614
12665
11114
3536
928
84188
10471
211672
63710
11625
10140
9350
209403
184098
82525
7300
432613
413730
5551
3638
487680
200713
49527
8054
15655
13225
13027
1809
584
1378
50620
2294
1880
613080
13497
9064
5072
811
238615
66195
11172
417859
341013
271736
27582
397722
76170
16119
15239
7461
433502
193893
4233
302699
9681
301351
210947
11034
6283
668195
390054
9422
11096
4488
189
27958
9315
517116
266285
13192
10159
9404
841
593402
524247
240832
59860
15947
415401
123553
117974
72387
60307
4728
441282
101669
10898
10699
429203
8077
481084
430231
256274
193610
72105
13022
11449
1845
11529
11128
8738
392207
338970
320588
74018
20481
11954
11395
301355
12403
17898
9618
262500
20662
12222
11890
9605
1647
664
587693
12242
9718
10991
294272
75761
73873
27576
23631
11444
4513
14024
11680
10021
306943
10761
332567
295699
31359
13679
11352
337167
427641
339527
425972
75674
9294
11827
202575
184314
48231
9593
3036
467938
423204
9688
7553
18269
13333
9671
41733
1689
431530
8388
75
9515
608
9276
490445
82682
68735
41592
38357
10576
316727
182415
4421
521029
192132
34544
11088
8922
387893
117263
453755
300668
21778
9828
41283
6795
10380
9333
9079
5174
315880
283227
76812
10057
6557
446101
413362
384371
70821
57800
9882
9679
1428
543540
700
45156
8584
6488
6279
273477
14926
49017
21481
21057
2043
10326
38093
12201
10047
6957
4953
43200
9801
354216
10029
173185
38303
19457
9792
179
617
291351
293646
245706
8224
345911
8818
186992
79643
9788
1599
169917
5172
509967
308504
13205
9429
152599
13680
5680
415842
339994
77866
288036
70436
62046
8960
2026
11591
9759
2642
400157
373571
370978
43930
18032
483906
301272
72710
13641
10743
2275
399035
280092
30923
2667
451500
10592
9928
9335
157845
31867
1577
145220
39100
18487
515841
486101
457435
246080
198287
49526
10330
3172
455
382593
199373
324670
179538
16690
15261
12146
16340
674944
9273
714
341689
28032
11081
11002
618
11460
10764
245703
9615
22832
12085
439998
59570
13567
1685
15577
36568
26320
14976
6076
20726
11191
1734
1268
244458
149509
4824
334521
314405
272548
11001
399361
290595
438808
253687
168530
535167
27581
14442
10428
340837
325348
43933
11484
514999
323373
60599
13600
8386
15037
9715
314095
82675
41446
15997
8839
399248
341174
255343
146239
51447
16418
12435
9899
8999
7512
87421
133694
10028
9102
63493
5289
453405
333484
52520
9991
209247
9472
460793
279641
116741
11232
6637
467
817
463821
181283
58235
10622
4614
298312
259695
11286
10543
9992
401513
102780
69798
11211
10766
79218
1825
356305
2661
2080
13335
294652
41630
13523
284296
24100
9691
2116
155084
10677
296099
141043
76163
50479
11557
9061
12912
15653
2309
449563
174772
136797
12412
9805
522938
511987
22804
9043
4787
3040
447200
8007
4244
257445
376134
9354
548473
157825
56909
49021
26389
8838
709
351809
11238
319341
39102
14728
4247
1049
44244
20235
16871
14207
11976
6951
137321
512196
492353
463272
296360
28355
419511
184341
11821
11234
407439
323675
158015
13417
477033
411143
13275
10188
201
438348
35019
22907
12600
10972
9705
8845
461130
420648
188222
10246
7131
1249
38117
11007
227300
158852
9408
693
485894
467660
109414
58244
16996
7737
810
196867
178915
152748
121936
16353
2284
333669
324668
138103
38365
9486
112205
50204
14844
10447
425336
228967
89185
48466
11560
218778
195589
71552
9945
460885
318922
267935
36643
9543
1492
10562
559
13968
4380
437557
399796
34813
10442
9573
88794
10358
8067
305470
141052
82532
13394
9902
398920
330112
2332
505058
272435
13973
9611
7942
1727
492355
291276
2320
19901
12610
11896
436274
214756
2619
1613
427989
298250
4964
503616
400106
370663
23082
10303
9280
399360
328111
260346
449574
10192
10611
2119
299847
49529
25983
13532
9369
157820
11323
9477
264999
137116
29427
10589
10521
4478
1724
59457
13934
13374
12508
12262
2662
324807
77944
1688
530382
11917
8843
227159
10013
2019
567970
10547
290999
23759
14326
502682
381034
37710
32657
14362
10529
10479
531509
400547
182127
242022
207768
181533
9885
7095
1649
425980
274167
87496
11619
4965
707
209262
34016
11891
10070
7220
457262
134374
109439
75638
52505
153158
82650
10294
124905
58233
419680
199534
184346
15357
1410
178
462148
9620
9398
9355
80585
10426
9339
449562
157851
132232
9621
625450
38167
16577
11384
10207
9358
8130
2575
49494
49022
10739
6341
2058
13975
10516
10483
9896
145135
50698
157834
143049
41210
11862
1248
438347
13825
10724
10665
9425
9399
326423
11137
2770
571495
49040
11418
279690
41664
41479
27374
199928
5971
254128
114750
8851
369894
292431
486070
11860
9373
59968
52015
43939
12103
2637
27578
10544
10307
225565
21705
11665
9922
23830
11699
383709
309886
406563
72358
25913
13515
46528
11495
11017
4959
441701
19004
11348
539537
13282
9012
6282
80271
341006
339967
259694
26691
10832
410199
9785
1844
82696
663
423949
295151
15512
1537
698
24021
84204
39210
11353
10657
326285
7007
15417
38543
37770
8978
13092
10982
10314
8966
1634
303542
74725
38327
6963
2269
519253
2086
115782
109443
5516
420634
437670
46529
170354
153518
65086
454294
18781
8656
293768
126277
159117
23629
295832
137094
14709
2791
2267
296100
9963
9598
4477
297608
12526
1968
13313
77950
38356
10379
9975
955
311667
37834
11894
11823
347375
77930
60935
8273
79548
70006
8856
339792
16288
10431
428078
9080
65599
12590
11824
190955
66129
10720
9642
7484
339846
244264
87826
13387
8916
169
15516
14013
404733
98567
11892
2114
417644
351964
2246
300153
10552
14400
48572
408648
11587
8592
508018
58151
37861
11379
3604
387592
301875
59962
111190
77805
11915
427900
328595
8373
532671
26515
11983
10523
424121
50725
10065
183836
50619
8689
409297
134597
13492
53182
51588
10202
446807
97370
14208
12157
10468
10395
9989
2768
425505
4923
1588
33217
11359
9293
7552
2029
34851
9506
8984
2082
254904
9804
3980
426543
18360
9457
218836
203665
93837
13220
11415
10632
419831
64807
35552
64686
13455
11008
10730
9349
4515
84194
6038
199661
12994
85872
46503
45658
9039
363126
72431
11099
9275
261392
1852
362637
460846
458005
283378
24122
22620
11683
9604
278774
192102
146229
81390
11931
9494
9285
7288
1644
405775
11358
10025
10003
14191
10353
36670
19164
459910
451955
289727
49520
48946
21788
19959
10478
8247
8078
1656
296
268531
10922
8688
331
584962
22327
11355
11069
540
11459
2665
531503
320288
4379
40205
10407
9836
6278
487297
74944
18736
12154
9298
8090
353569
152792
35056
11228
519106
76493
10396
1252
342521
222899
48171
55846
417643
168055
9822
477489
13252
10153
6520
9286
9257
8675
2212
328720
201086
57201
10735
9395
127867
33909
9029
335866
262504
55465
22821
13154
419704
4967
15657
9541
205588
102362
76544
11966
1497
308024
257091
11857
395990
253235
432618
173897
38073
5689
1257
69668
286565
12088
10498
267860
20606
19165
247218
48650
35791
13811
2057
76494
59108
12834
10185
44894
11431
158907
10425
2085
517909
13997
316023
9986
8409
10033
335988
9641
471507
166271
60672
10641
9910
6552
309242
203739
34806
11777
11479
10022
7520
428399
57331
55779
9962
2268
263341
262841
162903
140222
64689
4970
253626
27022
244610
849
39053
15092
10068
8873
4599
56339
41439
10715
10480
9725
369300
10489
454293
356842
345940
302156
152760
11186
9610
1901
335796
11419
426238
353069
254194
22824
9923
2687
331313
44603
28260
319340
300168
157353
72545
14451
9619
45649
10748
502292
433808
315837
10137
9955
4806
2135
1370
345922
54113
52067
395814
287903
17927
13161
9466
76285
23048
7548
951
220286
208134
136418
175116
174675
317744
74945
10869
103620
15413
13477
65759
9889
460019
406761
192145
11702
58013
306952
270302
11374
2084
85041
10157
479455
457962
11164
10023
9415
266647
534
39386
215211
10313
286987
109418
12309
9564
31203
25643
10555
414190
218784
172533
24795
77883
15189
266294
66118
59429
5
434203
44040
11678
11595
243442
2103
588001
506072
70706
41215
4256
818
531309
7511
232572
37652
11452
11015
4961
1738
58595
7090
258509
121824
207932
18892
10663
456165
60803
9208
2313
563907
366514
21427
215830
34069
17466
249660
49013
258363
88751
28211
11212
5820
479040
146223
37414
32823
23827
9895
72571
60281
13700
252512
14444
12658
12245
13499
13474
11866
390061
278154
138697
85373
13668
9096
6935
305932
134411
48838
10833
268896
147868
38780
9449
1273
487004
13389
3563
533642
429415
10781
471014
86597
64635
14636
20
340945
340022
34480
10796
495766
354251
197796
126889
104859
99579
11025
9730
526051
419522
74777
70577
2539
228968
36669
369780
13279
12110
7459
333348
1620
16296
9644
308453
84348
11675
419479
217
290764
16558
1642
347984
49730
15648
315319
216282
206296
13944
11648
10225
503619
301348
74998
73108
62213
8069
41505
8780
242095
9874
12596
2067
15019
12180
182560
579
270487
62764
20414
9268
240916
60304
18890
14871
133805
11357
299687
87516
497814
5966
429460
10740
335778
101173
97614
45535
10280
918
284537
11775
293767
244761
36968
277547
82
269795
14128
473149
18457
9397
5559
292040
308531
254473
9566
429351
167810
13159
10623
479
440708
12122
10345
255456
38961
23488
9493
6623
267193
256569
87101
48340
5549
81796
76640
10317
9266
1969
452507
10061
4234
27583
10413
7451
98357
14648
12100
38541
14873
12556
80038
62838
39345
13654
8850
1966
18239
8698
8452
6723
1970
112200
565413
375588
245906
174323
9570
483202
192134
146198
37786
21972
396806
340676
2749
6217
297761
79697
37609
325848
9448
336004
37821
7303
156547
25239
4858
505436
274855
274854
14979
10488
382598
114606
38031
3597
1690
348060
300681
68728
5852
270010
11199
1995
457955
58547
49953
11519
106021
49010
429202
382597
109491
58224
45657
32856
10199
1722
60049
9296
321258
8831
291356
13595
10186
337154
23049
6073
306
445954
22582
442249
44363
88042
27579
13018
9988
228165
187596
14043
353979
10599
10714
324542
119283
531306
438590
175574
98566
9745
209112
59861
13683
214030
12572
188161
320316
184125
121734
41665
10204
250349
91314
13460
11133
10136
492611
87567
77987
61717
59965
10571
9597
190469
352492
133698
15969
10030
24271
486103
521935
310133
13742
10131
8398
346808
192149
73937
13067
5552
463053
13969
291870
11638
342878
58431
36419
5137
469876
437425
354861
228066
61630
50022
302688
209249
7364
284536
136835
85435
24056
9073
73499
72477
53399
52077
11674
513409
37905
11351
395458
45772
37958
11152
9948
9894
93828
60405
486078
9824
9353
433627
258489
10019
273169
97020
311324
18502
464504
9754
144789
11908
9378
8914
323676
291328
1408
378018
27573
12096
10173
9569
275601
10708
19724
2176
85038
24831
14372
271718
147441
11157
8989
333674
36648
11968
418078
97051
9982
6466
433251
11024
339396
228973
333663
296065
151960
20829
13888
64639
56014
18823
1636
334538
23514
32985
347126
68179
24929
4942
109431
10014
39106
9530
582570
527261
325133
211067
11847
9932
312669
77953
11077
16314
10495
390584
363757
2018
167032
82505
25769
15681
5968
283445
72207
12569
346681
224141
13186
9815
9384
467673
335777
45650
10351
41436
10145
3489
302150
184345
52451
11074
7342
359412
157433
10538
332704
9383
272692
11806
7183
416234
17134
399019
4327
47533
13207
20068
14817
9637
56903
27621
10066
40817
14536
6068
1705
84105
77931
12138
23172
89492
485942
10035
107811
10862
86828
11398
10054
16866
9728
238603
14161
52214
377264
9927
9279
14223
11932
9600
6877
9091
266396
262543
11317
9292
219318
13476
10402
8849
503
287084
3682
376865
11141
403119
9946
470114
252680
44982
12192
458305
115348
400710
85735
12118
2022
255157
50321
9981
9676
412988
287590
9348
2928
304372
159128
10406
4442
19904
13056
1996
14869
438
34803
11056
10679
213681
13812
13505
2310
13690
13673
10533
395
9767
355008
11258
2099
347945
150202
71679
9738
460321
465086
81836
11187
6477
41668
11852
10678
11632
11565
377275
342474
62206
624808
455236
442062
4248
9396
335788
94363
12721
41513
375355
9021
7978
423087
109513
869
114478
17336
278924
18501
172
184315
11870
338676
81005
9304
11517
10823
345914
152790
28665
2155
343611
209189
44833
238215
257088
9072
369776
1691
123109
10092
9886
11467
439079
389053
334536
10985
86868
383869
320302
146238
15159
49524
11979
249070
24418
1665
248574
12589
227783
174321
129139
582186
169219
47971
9877
10996
244516
310126
241843
9562
9312
8867
346671
10040
250546
416051
10320
9645
42949
15671
11078
355547
195590
193687
1441
10127
12193
174316
28597
11478
9030
50359
9038
2334
489929
265010
83770
397422
51620
86835
385332
12277
4597
11472
38778
2636
14177
223702
72331
44943
43209
18896
8836
74461
70435
412105
2959
2122
253161
57157
26505
16643
12139
12123
271969
68684
15566
8457
401371
8676
3050
1375
346672
340402
253344
9341
513083
353491
256474
14008
336011
34636
9893
487702
19912
13836
11856
16337
323368
86834
10357
3512
268920
216015
77875
39451
17335
1683
270774
57165
32293
12620
9906
9103
12090
11456
335791
11011
10053
502416
417830
164251
237756
9890
9482
399131
13260
12540
413998
38321
9594
111440
2800
82679
9907
1452
322240
13596
9825
8555
480414
459202
38358
118289
18476
139567
55301
39285
9884
257344
49787
411873
384682
384521
77951
87428
10768
10197
2565
254302
11569
284289
9586
456750
379873
37707
23367
10165
9966
9327
450001
38322
10680
50671
299551
11804
15379
10069
8860
3603
5375
43919
8965
101179
10771
174751
431075
10375
8870
46261
139038
9574
49014
52124
30974
13043
354287
180296
10661
385360
11547
11397
14248
9271
271185
144340
449459
2335
248507
23398
230222
82390
429471
390051
58444
18480
13498
929
10154
1979
339988
12120
241257
156717
430040
429476
437
252607
182219
9488
10723
75622
14123
123105
19840
185341
1819
440597
144336
59115
22825
2210
373314
306523
70578
11066
484437
438650
72559
13401
523139
2900
89008
291272
11630
255798
488113
40805
23742
9980
10206
418437
334074
100042
13025
23437
106747
87368
9067
42441
17350
382511
287948
34494
80015
146375
12208
10756
8202
51170
253310
234004
9022
58428
48988
11888
434355
9381
4954
10956
370567
49849
411626
205584
368031
301372
52449
262338
54054
57431
49012
265208
9622
345067
10861
8277
2698
582607
282035
10878
82687
10877
16991
9334
10327
10163
535581
73861
20856
19994
60747
11377
9703
442064
10762
9697
11812
357096
43931
806
653601
458109
77663
421792
75198
71672
1975
420950
410554
306964
150117
19899
50647
10481
37931
8944
1927
13962
13160
9453
323674
266639
8920
6439
9957
5851
325844
12819
10603
4257
11132
277685
8975
4551
118957
80035
210860
6171
83
9842
134366
11451
10160
9592
11428
10829
336455
480105
343173
8869
9447
314385
19556
13572
10200
9070
82990
63207
76649
23023
516043
15709
9794
10610
413471
97430
14435
1250
254191
77234
22787
10172
323020
9074
9471
2124
96936
1534
121856
26688
54309
23966
16258
459928
9683
8859
9406
380124
10805
124459
364067
43074
3132
70074
11041
22949
9954
9009
1641
454283
394830
364116
12597
10546
10008
9531
94380
17825
298614
441384
46441
8275
222936
49950
47327
401905
1735
286873
203835
230179
171424
112454
348537
38317
10885
10596
9904
330947
227348
18162
17684
531949
371608
84174
430528
476926
9969
89673
14175
22894
28510
277368
44564
10587
424619
8274
76757
11618
453201
1977
312831
68737
10923
378236
286567
14846
122857
104755
340677
288281
11637
19824
9513
225886
11568
17047
612152
127493
10344
280391
414
9838
10891
341392
7840
203834
444902
241258
434555
347882
13493
8427
456740
70868
41413
14560
1792
109099
12448
9757
201088
92182
24438
452832
20069
76617
50217
290637
12767
340103
242076
19794
11335
2752
463684
284564
300665
41515
23047
9678
287424
18238
19918
6519
9793
3513
226486
393345
13767
64586
10438
11469
9796
13761
3600
11817
190847
10012
20737
11523
97434
38319
10992
433244
346910
289153
867
186759
11811
465109
8487
10329
384798
11284
16300
338964
44113
246403
24150
10727
146301
9413
373569
47964
61012
42446
419700
11540
42425
10281
25018
339103
329981
239573
19585
8766
43593
11375
9356
277355
326
426962
11361
10906
2157
10802
10658
30178
395841
178809
76489
316154
430365
242310
210908
9042
329010
888
505177
11597
9714
244566
10984
475210
51481
42432
13051
333381
23823
33107
10118
354282
301846
295830
100241
37430
276839
2274
342281
169020
10336
11231
10642
94348
11026
11237
234212
180948
102207
13121
243940
11425
86467
10048
353686
42888
10134
9626
123103
243938
151368
11260
345915
292280
9423
10535
10808
301728
301337
26123
123229
426285
1499
339404
9480
339530
317091
277558
243688
109091
13741
43555
8645
371307
9978
11649
611468
37534
82700
77948
27902
11982
382589
2395
401561
122081
408381
359790
10588
169209
204349
38579
372343
42194
38745
11249
256961
13184
11158
44912
146227
47933
288158
89691
11252
430354
11045
24169
259018
242512
10016
10007
11918
43552
9750
9612
9037
500919
293771
560362
399173
263472
42434
9731
4723
14113
9290
13256
420245
14239
351211
8998
248390
13788
125509
11825
277839
93856
9446
42437
265016
17130
43554
133469
39691
437739
205724
99770
10685
332411
10461
345923
80280
492621
9876
8814
407451
347969
27
320048
9557
71670
586333
9713
329440
12279
10987
6280
3177
505225
481375
2486
10032
246320
77941
10676
9920
385448
193612
50357
301608
10306
71469
24476
11895
9722
9360
269173
271404
85056
11058
459616
57089
157544
14564
37169
14405
259072
14456
9053
440
10718
6589
13613
10477
13972
297160
14620
12107
4474
11679
68637
12657
9826
331962
9682
11802
42435
13257
42436
29426
8617
65055
87436
429467
284674
12158
440471
70586
42684
18843
6933
38277
23706
323262
9656
14199
42941
480572
9947
9405
8968
33282
9651
5393
42433
17610
480042
433249
375804
3093
299245
6116
10710
241254
21943
226936
9879
416160
10067
71676
10628
329833
10577
289720
10283
77496
10216
344268
282813
11453
11090
2830
8285
257345
9624
325358
12212
4258
449664
56288
14125
254474
76487
372822
492336
86331
20533
5458
351819
89899
10196
9306
250066
308529
297596
10366
8010
267806
15587
12211
14144
8011
10077
56715
188207
35169
12095
889
290825
5550
11470
441614
9536
298584
339547
13995
326425
241251
74997
13166
55341
11586
146203
354556
331446
82657
79316
43935
35026
11442
293452
2312
11127
248504
168098
472838
60556
314
340674
87818
535437
332
15206
426563
11546
168615
13486
244688
166424
1639
10550
11411
57876
390989
17692
11692
536869
9320
438689
307663
27793
18955
79694
13727
11667
12536
332502
12177
11531
415
10513
26264
9708
407559
375798
10285
9438
439015
276905
37265
9607
351460
225703
71668
119278
71880
218043
13461
791
15268
40264
10152
23988
9823
400411
248705
485415
11849
5857
21435
17473
11867
316002
168705
455551
17711
11535
419507
17532
103112
505423
10214
10304
205321
238930
16780
580
19766
10073
7278
10870
22345
35885
485774
26914
94365
8046
9544
9760
12142
13805
74849
5491
11059
14164
